4294967278,357
4294967279,430
4294967278,356
4294967279,429
4294967278,355
4294967279,428
4294967279,427
55,5
55,4
55,3
55,2
55,1
4294967278,354
4294967279,426
4294967278,353
4294967279,425
54,5
54,4
54,3
54,2
54,1
4294967279,424
4294967294,1431
4294967279,423
4294967278,352
53,7
53,6
53,5
53,4
53,3
53,2
53,1
4294967278,351
4294967294,1441
4294967294,1440
4294967294,1439
4294967279,422
52,5
52,4
52,3
52,2
52,1
4294967279,421
51,4
51,3
51,2
51,1
4294967279,420
4294967279,419
4294967279,418
50,13
50,12
50,11
50,10
50,9
4294967278,350
50,8
50,7
4294967279,417
50,6
50,5
50,4
50,3
50,2
50,1
4294967294,484
49,5
49,4
49,3
49,2
49,1
4294967278,349
4294967279,416
4294967278,348
48,9
48,8
48,7
4294967279,415
4294967278,347
4294967278,346
48,6
4294967278,345
48,5
48,4
48,3
48,2
48,1
4294967278,344
4294967278,343
4294967278,342
4294967278,341
4294967279,414
4294967279,413
47,7
47,6
47,5
47,4
47,3
47,2
47,1
4294967279,412
46,4
46,3
46,2
46,1
4294967278,340
45,4
45,3
45,2
45,1
4294967294,483
44,4
44,3
44,2
44,1
4294967294,1437
4294967294,1242
43,5
43,4
43,3
43,2
43,1
4294967278,339
4294967279,411
4294967278,338
4294967279,410
42,6
42,5
42,4
42,3
42,2
42,1
4294967278,337
4294967278,336
4294967279,409
4294967279,408
4294967278,335
41,5
41,4
41,3
41,2
41,1
4294967279,407
4294967278,334
4294967279,406
4294967279,405
40,12
40,11
40,10
40,9
40,8
4294967279,404
40,7
40,6
4294967278,333
4294967279,403
40,5
40,4
40,3
40,2
40,1
4294967278,332
4294967279,402
4294967278,331
4294967279,401
39,4
39,3
39,2
39,1
4294967278,330
4294967279,400
4294967278,329
4294967278,328
4294967279,399
4294967278,327
38,4
38,3
38,2
38,1
4294967278,326
4294967279,398
4294967278,325
4294967278,324
37,5
37,4
37,3
37,2
37,1
4294967279,397
4294967294,482
4294967279,396
4294967278,323
4294967279,395
36,4
36,3
36,2
36,1
4294967279,394
4294967278,322
4294967279,393
4294967278,321
4294967278,320
4294967279,392
35,5
35,4
35,3
35,2
35,1
4294967278,319
4294967279,391
4294967279,390
4294967278,318
34,5
34,4
34,3
34,2
34,1
4294967279,389
4294967294,1438
4294967278,317
4294967279,388
4294967279,387
4294967278,316
4294967278,315
33,5
33,4
33,3
33,2
33,1
4294967278,314
4294967279,386
4294967278,313
4294967279,385
32,5
32,4
32,3
32,2
32,1
4294967278,312
4294967279,384
4294967279,319
4294967278,311
31,18
31,17
31,16
31,15
4294967278,310
4294967294,1241
4294967294,439
31,14
31,13
31,12
31,11
31,10
31,9
31,8
31,7
31,6
31,5
31,4
31,3
31,2
31,1
4294967294,481
4294967279,318
4294967279,317
4294967279,316
4294967278,309
30,4
30,3
30,2
30,1
4294967279,315
4294967278,308
4294967279,314
4294967279,313
29,7
29,6
29,5
29,4
29,3
29,2
29,1
4294967278,307
4294967278,306
4294967278,305
4294967279,312
4294967278,304
4294967279,311
4294967279,310
4294967278,303
4294967279,309
28,5
4294967278,302
28,4
4294967279,308
28,3
28,2
28,1
4294967279,307
4294967278,301
4294967279,306
4294967279,305
4294967278,300
27,5
27,4
27,3
27,2
27,1
4294967279,304
4294967294,1436
4294967294,1435
26,7
26,6
26,5
26,4
26,3
26,2
26,1
4294967279,303
4294967294,480
25,5
25,4
25,3
25,2
25,1
24,4
24,3
24,2
24,1
23,13
23,12
23,11
23,10
23,9
23,8
23,7
23,6
23,5
23,4
23,3
23,2
23,1
4294967278,299
22,5
22,4
22,3
22,2
22,1
4294967279,302
21,9
4294967278,298
21,8
21,7
4294967279,301
21,6
21,5
21,4
21,3
21,2
21,1
4294967279,300
4294967294,1434
4294967294,479
4294967294,478
4294967294,477
4294967294,476
20,7
20,6
20,5
20,4
20,3
20,2
20,1
4294967278,297
19,4
19,3
19,2
19,1
4294967278,296
18,4
18,3
18,2
18,1
4294967278,295
4294967294,1433
17,4
17,3
17,2
17,1
4294967278,294
16,5
16,4
16,3
16,2
16,1
4294967279,299
4294967294,1432
4294967294,430
4294967294,475
4294967294,1430
4294967294,1429
15,6
15,5
15,4
15,3
15,2
15,1
4294967279,298
14,5
14,4
14,3
14,2
14,1
4294967278,293
13,12
13,11
4294967279,297
13,10
13,9
13,8
4294967278,292
13,7
13,6
13,5
13,4
13,3
13,2
13,1
4294967279,296
12,4
12,3
12,2
12,1
4294967279,295
11,4
11,3
11,2
11,1
4294967279,294
10,5
10,4
10,3
